6815004100005F000000050100000101052420F116【AFN=05HF1:设置载波主节点地址为202405010000】
6815004100005F000000050100000301052420F316

6856004100005F0000011101000A010301052420030203010524200303030105242003040301052420030
503010524200306030105242003070301052420030803010524200309030105242003100301052420031A16【AFN=11HF1:添加载波从节点】


主节点地址
20 24 05 01 03 00

单元地址
20 24 05 01 03 01
20 24 05 01 03 02
20 24 05 01 03 03
20 24 05 01 03 04
20 24 05 01 03 05
20 24 05 01 03 06
20 24 05 01 03 07
20 24 05 01 03 08
20 24 05 01 03 09
20 24 05 01 03 10

改地址
68 1F 00 43 45 AA AA AA AA AA AA 00 F1 F3 06 01 00 40 01 02 00 09 06 00 00 00 00 00 01 00 5C 25 16

读地址
68 17 00 43 45 AA AA AA AA AA AA 10 DA 5F 05 01 01 40 01 02 00 00 C6 07 16